KERNEL=0, MODE=0	3.15405	3.1499	3.15112	3.16382	3.14893	3.15405	3.14893	3.15601	3.15601	3.16504	3.15112	3.1731	3.24878	3.17603	3.15991	3.1499	3.16211	3.19214	3.15088	3.15112	
KERNEL=1, MODE=0	569.582	562.832	563.004	561.11	564.896	564.169	563.546	563.068	563.65	564.111	567.326	564.785	559.56	564.892	566.524	563.45	561.809	564.865	561.014	564.393	
KERNEL=1, MODE=1	562.7	558.842	566.779	566.529	566.263	565.113	566.273	567.272	565.789	563.084	572.066	560.384	561.769	565.589	560.257	563.409	562.631	562.818	561.821	563.655	
KERNEL=1, MODE=2	495.626	495.618	495.594	500.823	495.662	500.889	495.589	500.046	495.679	500.059	499.821	500.107	495.601	495.598	495.552	499.905	500.831	495.583	500.128	499.963	
KERNEL=2, MODE=0	587.539	584.008	587.581	587.538	587.571	584.49	587.473	584.231	587.419	584.385	587.379	587.374	587.4	585.706	584.271	584.217	587.63	584.392	584.174	584.265	
KERNEL=2, MODE=1	584.222	587.507	584.359	584.309	584.362	587.653	584.345	587.707	587.884	585.335	584.373	587.631	587.394	587.42	584.196	587.554	587.446	584.323	587.511	584.722	
KERNEL=2, MODE=2	520.326	520.929	520.385	520.864	521.39	520.962	521.757	520.93	520.965	520.319	520.91	520.316	520.415	521.014	520.933	520.407	520.403	520.404	520.323	520.926	
KERNEL=3, MODE=0	555.465	555.062	555.71	559.997	559.243	558.536	558.614	558.497	554.984	558.886	558.762	555.387	558.707	556.342	558.847	555.109	558.572	555.001	558.591	558.45	
KERNEL=3, MODE=1	560.079	558.562	558.53	555.099	555.084	558.556	558.636	554.918	555.163	555.316	556.801	558.575	558.618	555.27	558.49	558.852	558.777	554.841	558.745	558.634	
KERNEL=3, MODE=2	494.055	493.609	493.003	493.635	494.187	494.118	494.308	494.237	495.088	493.023	493.597	493.004	492.987	494.285	494.256	493.603	494.063	492.993	494.128	494.315	
KERNEL=4, MODE=0	299.524	300.649	300.102	299.317	299.734	299.548	300.075	300.411	300.034	299.444	300.927	299.328	299.88	300.274	299.813	300.092	300.217	299.67	299.872	300.025	
KERNEL=4, MODE=1	299.449	300.156	299.316	300.026	299.819	300.138	300.112	300.059	300.106	299.79	299.629	300.22	299.292	299.582	299.721	299.526	300.1	299.369	299.643	299.593	
KERNEL=4, MODE=2	276.992	277.071	277.065	277.096	276.52	276.497	277.075	276.475	277.063	276.49	277.074	276.471	276.473	276.993	276.517	276.501	276.461	276.99	277.103	277.019	
KERNEL=5, MODE=0	148.18	148.1	148.05	148.369	148.279	148.369	148.219	148.123	148.132	148.315	148.081	148.322	148.31	148.19	148.327	148.422	148.363	148.582	148.538	148.235	
KERNEL=5, MODE=1	148.19	148.342	148.25	148.155	148.229	148.258	148.274	148.169	148.341	148.171	148.364	148.384	148.232	148.42	148.312	148.257	148.165	148.047	148.173	148.252	
KERNEL=5, MODE=2	132.734	132.862	132.858	132.705	132.773	132.88	132.695	132.743	132.737	132.85	132.837	132.85	132.892	132.925	132.732	132.804	132.726	132.918	132.818	132.762	
KERNEL=6, MODE=0	84.9929	85.2019	85.1011	84.9729	85.219	85.0669	85.0698	85.3679	85.3052	85.0579	85.345	85.5867	85.1631	85.2271	85.1077	85.335	85.2832	85.3491	85.0461	84.9558	
KERNEL=6, MODE=1	85.072	86.356	85.051	85.2939	85.0901	84.9929	85.186	85.0959	85.1541	85.3528	85.0618	85.2368	85.353	85.2139	84.978	85.0571	85.104	85.366	85.1719	85.0469	
KERNEL=6, MODE=2	70.553	70.5542	70.5959	70.4897	70.7217	70.6079	70.5918	70.6843	70.7029	70.677	70.677	70.5969	70.603	70.6521	70.5701	70.605	70.593	70.5852	70.6389	70.6506	
KERNEL=7, MODE=0	16.197	16.1108	16.4097	16.3843	16.134	16.1772	16.4221	16.2942	16.0398	15.9211	16.2739	16.0701	16.0178	16.5061	15.907	15.908	16.1257	15.9851	16.0498	16.1389	
KERNEL=7, MODE=1	16.167	16.355	15.8811	16.259	16.2551	16.0479	16.324	16.0652	16.3391	16.4028	16.4141	16.2261	16.217	16.2197	16.2239	16.0999	16.1951	16.043	15.9351	16.2139	
KERNEL=7, MODE=2	8.88989	8.96606	9.06396	8.99902	8.98218	9.02881	8.93115	9.08716	9.06396	8.99976	9.08008	8.97095	9.0542	9.01489	9.06104	9.0061	9.10571	8.98828	9.01929	8.99097	
KERNEL=8, MODE=0	13.9761	14.1099	14.1621	14.1152	14.032	13.835	14.0261	14.304	13.905	14.1157	13.792	14.012	15.3879	13.9109	13.894	14.1443	13.8162	13.9739	14.0779	14.124	
KERNEL=8, MODE=1	13.782	14.0737	13.9451	14.1831	13.9907	14.1028	13.9851	14.1431	14.1558	14.03	14.2249	13.968	14.2063	13.978	14.061	14.0901	14.125	14.3281	14.0032	13.887	
KERNEL=8, MODE=2	9.00879	8.96997	8.95264	8.95508	8.93994	9.08105	9.03809	8.97974	9.06494	8.99927	9.04688	9.00464	8.99902	9.04395	8.99414	9.0647	9.06299	8.94922	8.95215	9.02808	
KERNEL=9, MODE=0	24.1648	24.3511	24.1831	24.0139	24.1099	25.1917	24.019	24.5212	24.168	25.2048	25.7139	24.0713	24.0139	24	24.4839	24.1516	24.1868	24.2031	24.0242	24.1863	
KERNEL=9, MODE=1	24.5188	24.3088	24.678	24.4131	24.365	24.7661	24.4082	24.7041	24.5381	24.1218	24.457	24.1179	24.5581	24.5591	24.5229	24.719	24.2261	24.031	24.3481	24.3601	
KERNEL=9, MODE=2	9.00977	9.11108	9.07202	9.08008	9.10596	9.07397	9.08667	9.1228	9.10718	9.08813	9.09009	9.146	9.12305	9.1333	9.16211	9.14404	9.09399	9.09399	9.10181	9.10693	
KERNEL=10, MODE=0	16.5449	16.0608	16.3447	16.6919	16.2639	16.4878	16.8828	16.2173	16.4053	16.3979	16.0862	16.1199	16.1367	16.1638	16.3337	16.1199	16.2729	16.1841	15.9143	16.1899	
KERNEL=10, MODE=1	16.072	16.073	16.2991	16.4543	16.1702	16.0261	16.3389	16.5259	16.3782	16.105	16.4131	16.2671	15.9468	16.47	16.3179	16.4341	16.3921	16.488	16.4441	16.4089	
KERNEL=10, MODE=2	9.00391	8.9939	9.02515	9.00391	9.00293	9.03296	9.01367	9.02417	9.0332	9.01001	9.07007	9.03418	9.03125	9.03589	9.06714	9.02222	9.00903	9.04712	9.03711	9.03101	
KERNEL=11, MODE=0	56.8569	56.8188	56.7322	56.854	56.989	56.9092	56.9102	56.7119	56.9299	56.7761	56.834	56.9319	56.7461	56.9961	56.9011	56.8801	56.9119	56.9688	56.8931	56.7	
KERNEL=11, MODE=1	57.1331	57.2432	57.2078	57.0291	56.8247	56.7329	56.9761	56.855	56.925	56.813	57.0852	56.875	57.0518	57.0779	57.0889	56.8311	56.958	56.7588	56.908	56.8149	
KERNEL=11, MODE=2	42.1719	42.166	41.3191	42.1321	42.1321	42.1873	42.1809	42.1692	42.186	42.188	42.167	42.1311	42.1533	42.1221	42.2031	42.1699	42.1929	42.155	42.1433	42.1909	
KERNEL=12, MODE=0	106.353	102.347	108.965	101.772	104.981	105.07	104.571	104.03	103.635	103.044	105.904	101.793	107.798	102.344	103.236	103.905	104.315	104.963	104.584	108.352	
KERNEL=12, MODE=1	105.325	107.738	104.987	104.07	107.626	102.553	104.579	106.186	106.371	108.011	108.581	102.556	103.866	103.182	102.975	103.648	102.031	109.012	106.33	102.385	
KERNEL=12, MODE=2	123.087	123.126	123.082	123.088	123.101	123.057	123.216	123.088	123.125	123.113	123.096	123.098	123.003	123.092	123.144	123.065	123.073	123.096	123.065	123.049	
