KERNEL=0, MODE=0	3.46997	3.46802	3.47095	3.46997	3.47388	3.4668	3.46899	3.46899	3.46997	3.47119	3.47021	3.46899	3.46802	3.47217	3.46997	3.46826	3.46899	3.46997	3.46899	3.46899	
KERNEL=1, MODE=0	173.498	176.925	172.46	173.78	173.903	172.61	172.932	173.484	172.465	173.75	173.925	173.597	172.591	172.47	173.68	172.346	174.064	173.577	172.518	173.693	
KERNEL=1, MODE=1	172.697	173.775	174.029	172.535	174.057	174.012	173.871	173.673	173.077	172.603	174.051	173.464	173.567	172.474	172.679	173.989	173.573	173.739	173.982	172.772	
KERNEL=1, MODE=2	360.517	360.623	360.478	360.528	359.993	359.873	360.216	360.763	360.496	359.985	359.8	360.73	359.669	360.547	360.501	360.454	360.82	360.247	360.542	360.711	
KERNEL=2, MODE=0	183.332	183.402	184.015	184.206	183.62	183.416	183.477	184.313	184.36	184.359	183.521	183.643	183.407	183.284	183.492	183.198	184.419	183.151	183.207	184.366	
KERNEL=2, MODE=1	183.422	183.45	184.079	183.307	183.421	184.261	183.303	184.393	183.559	184.037	183.475	183.429	184.377	184.666	183.832	184.689	183.568	184.313	183.444	184.206	
KERNEL=2, MODE=2	371.793	371.137	369.396	371.726	371.726	371.087	368.294	372.467	371.656	371.418	371.167	371.551	371.483	371.18	371.455	371.946	372.279	372.471	370.986	372.066	
KERNEL=3, MODE=0	172.148	173.349	171.991	172.195	172.056	173.176	172.221	171.944	173.379	173.354	172.079	171.676	173.266	172.357	172.102	173.147	171.916	172.219	173.061	172.058	
KERNEL=3, MODE=1	171.931	171.816	172.07	172.009	173.47	173.057	171.97	171.781	171.903	173.301	171.832	173.159	172.432	173.442	173.154	173.005	172.101	173.1	171.826	172.974	
KERNEL=3, MODE=2	359.971	359.784	358.851	359.656	359.393	359.889	359.8	359.701	359.755	359.666	359.871	359.605	358.891	359.929	359.016	359.322	359.642	359.566	359.549	360.052	
KERNEL=4, MODE=0	115.423	115.284	114.776	114.94	115.17	114.89	115.212	115.27	115.486	115.175	114.799	115.39	115.275	115.392	114.807	115.652	115.415	115.762	115.466	115.58	
KERNEL=4, MODE=1	115.343	115.43	115.179	115.058	114.679	114.826	115.44	114.83	114.676	115.166	115.039	115.58	115.121	115.453	114.94	114.717	114.674	115.158	115.554	115.025	
KERNEL=4, MODE=2	156.514	156.571	156.513	156.522	156.487	156.612	156.749	156.421	156.531	156.185	156.504	156.367	156.564	156.562	156.604	156.492	156.457	156.606	156.52	156.59	
KERNEL=5, MODE=0	58.8682	59.0791	59.1021	59.0459	59.0752	58.4673	58.7229	58.5503	58.5339	59.251	58.6899	58.8069	58.7939	59.1082	58.4551	59.1428	58.5269	58.854	58.478	58.7397	
KERNEL=5, MODE=1	59.2312	58.8611	58.7927	58.9441	59.167	59.2959	59.387	58.5779	58.4709	59.0388	58.709	58.8118	58.6951	59.0452	58.9661	58.8779	58.865	59.0481	58.5513	59.1602	
KERNEL=5, MODE=2	76.5459	76.2542	76.1768	76.4441	76.3569	76.3538	76.3398	76.3838	76.3101	76.6631	76.4177	76.3999	76.1792	76.3708	76.3491	76.321	76.739	76.3708	76.4661	76.4189	
KERNEL=6, MODE=0	36.6409	36.105	36.48	36.3899	36.426	36.4121	36.5591	36.2749	36.53	36.259	36.2971	36.5952	36.6292	36.325	36.3999	36.51	36.177	36.571	36.271	36.4739	
KERNEL=6, MODE=1	36.5242	36.4399	36.447	36.1211	36.3179	36.4839	36.6094	36.24	36.925	36.3059	36.6567	36.261	36.4368	36.447	36.1309	36.6279	36.542	36.2859	36.45	36.4839	
KERNEL=6, MODE=2	40.5378	40.4241	40.5251	40.4431	40.3662	40.4912	40.542	40.55	40.3611	40.5452	40.644	40.407	40.5059	40.4919	41.0249	40.5051	40.5232	40.3679	40.4998	40.5381	
KERNEL=7, MODE=0	9.98633	9.65405	9.6709	9.98193	9.81885	9.41479	9.70508	9.80493	9.73486	9.81714	9.74585	9.51099	9.7688	9.67505	9.83105	9.85693	9.48511	9.90283	9.86499	9.42798	
KERNEL=7, MODE=1	9.78809	9.67505	9.60205	9.60303	9.82202	9.92871	9.66919	9.57007	9.83789	9.58618	9.48413	9.95312	9.82007	9.63184	9.70386	9.80005	9.55591	10.053	10.033	9.56982	
KERNEL=7, MODE=2	8.78516	8.65869	8.81299	8.81104	8.62817	8.84692	8.77612	8.82202	8.80493	8.64331	8.8562	9.948	8.8562	8.8689	8.76294	8.63794	8.64307	8.75806	8.78906	8.88208	
KERNEL=8, MODE=0	9.74292	9.65088	9.73389	9.60522	9.99512	9.64404	9.65405	9.71509	9.73608	9.54004	9.56714	9.62012	9.52466	9.51489	9.81323	9.72388	9.75708	9.4231	9.55005	9.70996	
KERNEL=8, MODE=1	9.76807	9.802	9.83179	9.71997	9.69312	9.39624	9.74121	9.65186	9.81128	9.60913	9.82129	9.56909	9.76172	9.67896	9.64087	9.73877	9.79004	9.82422	10.22	9.70898	
KERNEL=8, MODE=2	8.5459	8.63013	8.6687	8.72485	8.74805	8.61401	8.61987	8.60498	8.57104	8.68921	8.74194	8.67798	8.69702	8.7207	8.58911	8.6333	8.54883	8.64697	8.7041	8.57397	
KERNEL=9, MODE=0	10.4331	10.0081	10.0911	10.0532	10.252	10.2102	10.198	10.1548	10.1799	10.4058	10.1289	9.91797	10.1089	10.2678	9.91089	10.3611	10.1748	10.3049	10.0979	10.1919	
KERNEL=9, MODE=1	10.2151	10.1709	10.2939	10.176	10.1841	10.3091	10.292	9.91699	10.1318	10.4453	9.89429	9.86694	9.95996	10.1912	10.2271	9.91895	10.0032	10.1372	10.0342	9.98999	
KERNEL=9, MODE=2	8.76172	8.59888	8.57715	8.72485	8.68701	8.60889	8.79712	8.63013	8.68896	8.61792	8.86011	8.51611	10.2708	8.76099	8.79614	8.72168	8.7373	8.71704	8.72021	8.74805	
KERNEL=10, MODE=0	10.1758	10.4929	10.2502	10.5681	10.4348	10.7219	10.2158	11.8721	10.2019	10.6621	10.3259	10.176	10.408	10.4629	10.481	10.572	10.3079	10.4929	10.6929	10.4534	
KERNEL=10, MODE=1	10.459	10.4187	10.4077	10.1279	9.95386	10.2642	10.6711	10.4854	10.5552	10.6091	10.2241	10.478	10.2209	10.124	10.3271	10.395	10.177	10.322	10.7729	10.2769	
KERNEL=10, MODE=2	8.81689	8.63721	8.68286	8.80811	8.802	8.80493	8.75586	8.68896	9.04565	8.83691	8.67603	8.84692	8.62427	8.7229	8.71533	8.72583	8.65601	8.92114	8.81494	8.68286	
KERNEL=11, MODE=0	24.4031	24.377	24.2661	24.2039	24.1909	24.1921	24.4148	24.0527	24.2488	24.165	24.23	24.061	24.4487	24.3601	24.1541	24.1169	24.241	24.1382	24.4709	23.9399	
KERNEL=11, MODE=1	24.4839	24.189	24.1978	24.3293	24.574	24.5212	23.9712	24.1353	24.1731	23.998	24.282	24.1899	24.5271	24.21	24.3318	23.938	23.9111	24.2471	24.0569	24.375	
KERNEL=11, MODE=2	28.5439	28.0171	28.2141	27.905	28.4258	28.374	27.9241	28.4719	28.594	28.3601	28.2932	28.261	28.3101	27.9561	28.0081	28.0029	28.4158	28.0042	28.4402	28.4199	
KERNEL=12, MODE=0	31.9788	31.7231	31.5649	31.491	31.6189	31.6621	31.5459	31.697	31.5149	31.7761	31.5581	32.0471	31.9231	31.6211	31.896	32.4668	31.731	31.7798	31.7029	32.2129	
KERNEL=12, MODE=1	31.832	31.8352	31.3779	32.4092	31.3853	31.7273	32.0908	31.698	31.5659	31.7212	31.52	31.45	31.7261	31.5872	31.7268	31.8149	31.5969	32.532	32.4702	31.7048	
KERNEL=12, MODE=2	116.91	116.33	116.362	116.782	116.928	116.763	116.892	116.74	116.797	116.706	116.107	117.204	116.366	116.878	116.975	116.362	116.896	116.93	116.713	116.748	
